0000000000000000
0001000000000000
0001100000000000
0010000000000000
1000100000000000
1000100100000000
1000101000000000
1000101100000000
1000110000000000
1000110100000000
1000111000000000
1000111100000000
1001000000000000
1001000100000000
1001001000000000
1001001100000000
1001010000000000
1001010100000000
1001011000000000
1001011100000000
1001100000000000
1001100100000000
1001101000000000
1001101100000000
1001110000000000
1001110100000000
1001111000000000
1001111100000000
1010000000000000
1010000100000000
1010001000000000
1010001100000000
1010010000000000
1010010100000000
1010011000000000
1010011100000000
1010100000000000
1010100100000000
1010101000000000
1010101100000000
1010110000000000
1010110100000000
1010111000000000
1010111100000000
1011000000000000
1011000100000000
1011001000000000
1011001100000000
1011010000000000
1011010100000000
1011011000000000
1011011100000000
1011100000000000
1011100100000000
1011101000000000
1011101100000000
1011110000000000
1011110100000000
1011111000000000
1011111100000000
1100000000000000
1100000100000000
1100001000000000
1100001100000000
1100010000000000
1100010100000000
1100011000000000
1100011100000000
1100100000000000
1100100100000000
1100101000000000
1100101100000000
1100110000000000
1100110100000000
1100111000000000
1100111100000000
1101000000000000
1101000100000000
1101001000000000
1101001100000000
1101010000000000
1101010100000000
1101011000000000
1101011100000000
1101100000000000
1101100100000000
1101101000000000
1101101100000000
1101110000000000
1101110100000000
1101111000000000
1101111100000000
1000000000000000
1000000100000000
1000001000000000
1000001100000000
1000010000000000
1000010100000000
1000011000000000
1000011100000000
0111000000000000
0111000000100000
0111000001000000
0111000001100000
0111000010000000
0111000010100000
0111000011000000
0111000011100000
0111000100000000
0111000100100000
0111000101000000
0111000101100000
0111000110000000
0111000110100000
0111000111000000
0111000111100000
0111001000000000
0111001000100000
0111001001000000
0111001001100000
0111001010000000
0111001010100000
0111001011000000
0111001011100000
0111001100000000
0111001100100000
0111001101000000
0111001101100000
0111001110000000
0111001110100000
0111001111000000
0111001111100000
0111010000000000
0111010000100000
0111010001000000
0111010001100000
0111010010000000
0111010010100000
0111010011000000
0111010011100000
0111010100000000
0111010100100000
0111010101000000
0111010101100000
0111010110000000
0111010110100000
0111010111000000
0111010111100000
0111011000000000
0111011000100000
0111011001000000
0111011001100000
0111011010000000
0111011010100000
0111011011000000
0111011011100000
0111011100000000
0111011100100000
0111011101000000
0111011101100000
0111011110000000
0111011110100000
0111011111000000
0111011111100000
0100000000000000
0100000000100000
0100000001000000
0100000001100000
0100000010000000
0100000010100000
0100000011000000
0100000011100000
0100000100000000
0100000100100000
0100000101000000
0100000101100000
0100000110000000
0100000110100000
0100000111000000
0100000111100000
0100001000000000
0100001000100000
0100001001000000
0100001001100000
0100001010000000
0100001010100000
0100001011000000
0100001011100000
0100001100000000
0100001100100000
0100001101000000
0100001101100000
0100001110000000
0100001110100000
0100001111000000
0100001111100000
0100010000000000
0100010000100000
0100010001000000
0100010001100000
0100010010000000
0100010010100000
0100010011000000
0100010011100000
0100010100000000
0100010100100000
0100010101000000
0100010101100000
0100010110000000
0100010110100000
0100010111000000
0100010111100000
0100011000000000
0100011000100000
0100011001000000
0100011001100000
0100011010000000
0100011010100000
0100011011000000
0100011011100000
0100011100000000
0100011100100000
0100011101000000
0100011101100000
0100011110000000
0100011110100000
0100011111000000
0100011111100000
0100100000000000
0100100000100000
0100100001000000
0100100001100000
0100100010000000
0100100010100000
0100100011000000
0100100011100000
0100100100000000
0100100100100000
0100100101000000
0100100101100000
0100100110000000
0100100110100000
0100100111000000
0100100111100000
0100101000000000
0100101000100000
0100101001000000
0100101001100000
0100101010000000
0100101010100000
0100101011000000
0100101011100000
0100101100000000
0100101100100000
0100101101000000
0100101101100000
0100101110000000
0100101110100000
0100101111000000
0100101111100000
0100110000000000
0100110000100000
0100110001000000
0100110001100000
0100110010000000
0100110010100000
0100110011000000
0100110011100000
0100110100000000
0100110100100000
0100110101000000
0100110101100000
0100110110000000
0100110110100000
0100110111000000
0100110111100000
0100111000000000
0100111000100000
0100111001000000
0100111001100000
0100111010000000
0100111010100000
0100111011000000
0100111011100000
0100111100000000
0100111100100000
0100111101000000
0100111101100000
0100111110000000
0100111110100000
0100111111000000
0100111111100000
0101000000000000
0101000000100000
0101000001000000
0101000001100000
0101000010000000
0101000010100000
0101000011000000
0101000011100000
0101000100000000
0101000100100000
0101000101000000
0101000101100000
0101000110000000
0101000110100000
0101000111000000
0101000111100000
0101001000000000
0101001000100000
0101001001000000
0101001001100000
0101001010000000
0101001010100000
0101001011000000
0101001011100000
0101001100000000
0101001100100000
0101001101000000
0101001101100000
0101001110000000
0101001110100000
0101001111000000
0101001111100000
0101010000000000
0101010000100000
0101010001000000
0101010001100000
0101010010000000
0101010010100000
0101010011000000
0101010011100000
0101010100000000
0101010100100000
0101010101000000
0101010101100000
0101010110000000
0101010110100000
0101010111000000
0101010111100000
0101011000000000
0101011000100000
0101011001000000
0101011001100000
0101011010000000
0101011010100000
0101011011000000
0101011011100000
0101011100000000
0101011100100000
0101011101000000
0101011101100000
0101011110000000
0101011110100000
0101011111000000
0101011111100000
0101100000000000
0101100000100000
0101100001000000
0101100001100000
0101100010000000
0101100010100000
0101100011000000
0101100011100000
0101100100000000
0101100100100000
0101100101000000
0101100101100000
0101100110000000
0101100110100000
0101100111000000
0101100111100000
0101101000000000
0101101000100000
0101101001000000
0101101001100000
0101101010000000
0101101010100000
0101101011000000
0101101011100000
0101101100000000
0101101100100000
0101101101000000
0101101101100000
0101101110000000
0101101110100000
0101101111000000
0101101111100000
0101110000000000
0101110000100000
0101110001000000
0101110001100000
0101110010000000
0101110010100000
0101110011000000
0101110011100000
0101110100000000
0101110100100000
0101110101000000
0101110101100000
0101110110000000
0101110110100000
0101110111000000
0101110111100000
0101111000000000
0101111000100000
0101111001000000
0101111001100000
0101111010000000
0101111010100000
0101111011000000
0101111011100000
0101111100000000
0101111100100000
0101111101000000
0101111101100000
0101111110000000
0101111110100000
0101111111000000
0101111111100000
0110000000011111
0110000100011111
0110001000011111
0110001100011111
0110010000011111
0110010100011111
0110011000011111
0110011100011111
0110100000011111
0110100100011111
0110101000011111
0110101100011111
0110110000011111
0110110100011111
0110111000011111
0110111100011111
11110000000000001111111111111111
11110001000000001111111111111111
11110010000000001111111111111111
11110011000000001111111111111111
11110100000000001111111111111111
11110101000000001111111111111111
11110110000000001111111111111111
11110111000000001111111111111111
11111000000000001111111111111111
11111001000000001111111111111111
11111010000000001111111111111111
11111011000000001111111111111111
11111100000000001111111111111111
11111101000000001111111111111111
11111110000000001111111111111111
11111111000000001111111111111111
11100000000000001111111111111111
11100000001000001111111111111111
11100000010000001111111111111111
11100000011000001111111111111111
11100000100000001111111111111111
11100000101000001111111111111111
11100000110000001111111111111111
11100000111000001111111111111111
11100001000000001111111111111111
11100001001000001111111111111111
11100001010000001111111111111111
11100001011000001111111111111111
11100001100000001111111111111111
11100001101000001111111111111111
11100001110000001111111111111111
11100001111000001111111111111111
11100010000000001111111111111111
11100010001000001111111111111111
11100010010000001111111111111111
11100010011000001111111111111111
11100010100000001111111111111111
11100010101000001111111111111111
11100010110000001111111111111111
11100010111000001111111111111111
11100011000000001111111111111111
11100011001000001111111111111111
11100011010000001111111111111111
11100011011000001111111111111111
11100011100000001111111111111111
11100011101000001111111111111111
11100011110000001111111111111111
11100011111000001111111111111111
11100100000000001111111111111111
11100100001000001111111111111111
11100100010000001111111111111111
11100100011000001111111111111111
11100100100000001111111111111111
11100100101000001111111111111111
11100100110000001111111111111111
11100100111000001111111111111111
11100101000000001111111111111111
11100101001000001111111111111111
11100101010000001111111111111111
11100101011000001111111111111111
11100101100000001111111111111111
11100101101000001111111111111111
11100101110000001111111111111111
11100101111000001111111111111111
11100110000000001111111111111111
11100110001000001111111111111111
11100110010000001111111111111111
11100110011000001111111111111111
11100110100000001111111111111111
11100110101000001111111111111111
11100110110000001111111111111111
11100110111000001111111111111111
11100111000000001111111111111111
11100111001000001111111111111111
11100111010000001111111111111111
11100111011000001111111111111111
11100111100000001111111111111111
11100111101000001111111111111111
11100111110000001111111111111111
11100111111000001111111111111111
11101000000000001111111111111111
11101000001000001111111111111111
11101000010000001111111111111111
11101000011000001111111111111111
11101000100000001111111111111111
11101000101000001111111111111111
11101000110000001111111111111111
11101000111000001111111111111111
11101001000000001111111111111111
11101001001000001111111111111111
11101001010000001111111111111111
11101001011000001111111111111111
11101001100000001111111111111111
11101001101000001111111111111111
11101001110000001111111111111111
11101001111000001111111111111111
11101010000000001111111111111111
11101010001000001111111111111111
11101010010000001111111111111111
11101010011000001111111111111111
11101010100000001111111111111111
11101010101000001111111111111111
11101010110000001111111111111111
11101010111000001111111111111111
11101011000000001111111111111111
11101011001000001111111111111111
11101011010000001111111111111111
11101011011000001111111111111111
11101011100000001111111111111111
11101011101000001111111111111111
11101011110000001111111111111111
11101011111000001111111111111111
11101100000000001111111111111111
11101100001000001111111111111111
11101100010000001111111111111111
11101100011000001111111111111111
11101100100000001111111111111111
11101100101000001111111111111111
11101100110000001111111111111111
11101100111000001111111111111111
11101101000000001111111111111111
11101101001000001111111111111111
11101101010000001111111111111111
11101101011000001111111111111111
11101101100000001111111111111111
11101101101000001111111111111111
11101101110000001111111111111111
11101101111000001111111111111111
11101110000000001111111111111111
11101110001000001111111111111111
11101110010000001111111111111111
11101110011000001111111111111111
11101110100000001111111111111111
11101110101000001111111111111111
11101110110000001111111111111111
11101110111000001111111111111111
11101111000000001111111111111111
11101111001000001111111111111111
11101111010000001111111111111111
11101111011000001111111111111111
11101111100000001111111111111111
11101111101000001111111111111111
11101111110000001111111111111111
11101111111000001111111111111111

